0.287757 0.0196602 0.199937 0

0.203617 0.0156573 0.21916 0.218468
0.169771 0.0648071 1.16165 0.825011

0.155974 0.0598205 1.01039 0.763382
0.142699 0.0535524 0.904506 0.705231

0.132005 0.0492388 0.826068 0.651669
0.122679 0.0456094 0.765682 0.60888

0.11747 0.044221 0.716292 0.58218
0.112643 0.0449192 0.675331 0.558844

0.108058 0.0456101 0.640753 0.535621
0.105535 0.0468414 0.610946 0.515173

0.101925 0.0448597 0.585112 0.493601
0.0979265 0.0467891 0.56338 0.481913

0.094572 0.0470415 0.546128 0.468207
0.0919877 0.0483052 0.531158 0.457101

0.0895644 0.0486183 0.515318 0.445741
0.0873035 0.0471942 0.499951 0.432432

0.0854917 0.0458939 0.486904 0.420673
0.0832117 0.0449878 0.473979 0.411013

0.0811112 0.0444297 0.462389 0.402603
0.0797903 0.0441701 0.45266 0.395566

0.0781248 0.0492751 0.442266 0.397594
0.0765469 0.0492411 0.432562 0.391729

0.0749911 0.0490443 0.423659 0.386162
0.0734803 0.0500218 0.415339 0.3831

0.0721134 0.0536045 0.409618 0.384819
0.0715914 0.0541408 0.405549 0.381524

0.0703143 0.0554961 0.398306 0.379567
0.0691094 0.0602674 0.391462 0.383075

0.0680337 0.0659692 0.385297 0.388425
0.0672489 0.0726897 0.379573 0.395103

0.0662166 0.0756137 0.37452 0.395124
0.0653212 0.0775555 0.369407 0.393933

0.0644264 0.0798219 0.36556 0.393751
0.0635081 0.0827862 0.361471 0.394963

0.0629315 0.0846531 0.35878 0.394604
0.063048 0.0840994 0.35711 0.390521

0.0629465 0.0832605 0.352638 0.386624
0.0623634 0.0822634 0.348146 0.382623

0.061608 0.0812897 0.34466 0.379456
0.0608934 0.080787 0.341465 0.378748

0.0602041 0.0809021 0.337384 0.380033
0.0600505 0.0817139 0.333909 0.383375

0.059678 0.0837749 0.330167 0.389771
0.0591496 0.0861256 0.326531 0.3962

0.058985 0.0884097 0.324432 0.401504
0.0589445 0.0929206 0.322742 0.410939

0.0595172 0.099162 0.323654 0.422469
0.0592873 0.102427 0.32284 0.427416

0.059996 0.105248 0.326307 0.430947
0.0600343 0.106304 0.327775 0.431143

0.0594559 0.106944 0.32474 0.431405
0.0589944 0.10713 0.322224 0.431003

0.0585134 0.107692 0.319661 0.431902
0.0580881 0.107288 0.317426 0.430633

0.0581644 0.107136 0.318119 0.430148
0.0580408 0.107996 0.31862 0.432428

0.0582885 0.10845 0.321171 0.433538
0.0584901 0.107775 0.323342 0.431706

0.058676 0.107067 0.323069 0.430478
0.0590078 0.106201 0.323229 0.427823

0.0595046 0.10537 0.323291 0.426741
0.060489 0.104541 0.324434 0.42576

0.0613712 0.103817 0.32345 0.426711
0.062186 0.103067 0.322743 0.425451

0.0636044 0.102289 0.323197 0.425178
0.0645899 0.101597 0.323576 0.424347

0.0648786 0.10085 0.321318 0.425873
0.0647728 0.100749 0.319085 0.424298

0.0646613 0.100232 0.316959 0.424569
0.0643438 0.100021 0.314935 0.423912

0.0639914 0.0993864 0.312884 0.425956
0.0638339 0.0987082 0.311584 0.429699

0.0635892 0.0981601 0.3098 0.435499
0.0634404 0.0975039 0.308564 0.438416

0.0633633 0.09688 0.307797 0.441771
0.063012 0.0965588 0.306767 0.44136

0.0626465 0.0961001 0.305529 0.442017
0.062311 0.0954906 0.305138 0.444338

0.0621572 0.0949138 0.306557 0.447043
0.0630794 0.0945889 0.311763 0.451385

0.0634217 0.0949277 0.312828 0.459076
0.0632473 0.0943723 0.313085 0.460474

0.0632318 0.093989 0.314331 0.463044
0.0629184 0.0934631 0.315094 0.463769

0.062621 0.0931029 0.316798 0.465289
0.0623039 0.0933869 0.319371 0.468541

0.0620332 0.0945727 0.321549 0.47394
0.0625789 0.0962014 0.327577 0.479161

0.0631487 0.0988324 0.331542 0.486127
0.0646384 0.100413 0.337933 0.489655

0.0657596 0.103193 0.340842 0.495668
0.0670532 0.104665 0.344615 0.497978

0.0684623 0.106021 0.34923 0.499293
0.0695459 0.106097 0.353566 0.497977

0.0701913 0.106679 0.354981 0.498089
0.0709981 0.106402 0.35727 0.496311

0.0717048 0.106089 0.359254 0.494526
0.0725309 0.105666 0.362293 0.492414

0.072491 0.105533 0.361229 0.49184
0.0731136 0.105205 0.361909 0.490482

0.0740093 0.104973 0.364779 0.488909
0.0745542 0.104466 0.367397 0.486545

0.0746572 0.104038 0.366949 0.485073
0.0752157 0.103559 0.368067 0.483186

0.0760133 0.103256 0.369073 0.48214
0.0765931 0.102999 0.370568 0.480803

0.0771324 0.102968 0.371963 0.47986
0.0777886 0.102568 0.37416 0.477898

0.078407 0.102433 0.375102 0.476791
0.0787848 0.102002 0.376165 0.474779

0.0790257 0.101693 0.376573 0.473127
0.078782 0.101244 0.376288 0.471029

0.0785646 0.100831 0.376297 0.469034
0.0787727 0.100412 0.378325 0.467

0.0786916 0.100325 0.377169 0.466645
0.0792239 0.10044 0.377604 0.466054

0.0799169 0.101084 0.37832 0.466028
0.0803101 0.101294 0.379017 0.464705

0.0807812 0.101792 0.380171 0.463408
0.0812246 0.102376 0.38188 0.461814

0.0817505 0.103529 0.382841 0.460827
0.0819715 0.103998 0.38357 0.459038

0.0820075 0.105023 0.382472 0.458369
0.0816875 0.104996 0.381027 0.45654

0.0814256 0.104904 0.380462 0.454873
0.0812012 0.104593 0.379287 0.453869

0.0809786 0.104301 0.378291 0.452839
0.0806651 0.103958 0.378296 0.452252

0.0803715 0.103853 0.377277 0.450575
0.0801189 0.103991 0.37751 0.448914

0.0800725 0.104211 0.378199 0.447228
0.0798452 0.104057 0.378393 0.446074

0.0796247 0.104206 0.377952 0.444438
0.0795546 0.104435 0.378359 0.44292

0.0796007 0.104594 0.378641 0.441432
0.0794459 0.104834 0.378638 0.440166

0.0792856 0.105051 0.378046 0.438738
0.0790038 0.104868 0.377102 0.438245

0.0787263 0.105159 0.375831 0.436777
0.078456 0.105139 0.37465 0.435895

0.0781793 0.105138 0.373715 0.4353
0.0779412 0.10482 0.37265 0.436316

0.0777549 0.104457 0.371402 0.437288
0.0774881 0.104121 0.370617 0.439363

0.077228 0.103764 0.369445 0.439667
0.0769658 0.103467 0.368463 0.441164

0.0767199 0.103161 0.367221 0.441351
0.0765042 0.102868 0.366001 0.442102

0.0763485 0.102558 0.364822 0.441877
0.0764748 0.102276 0.363763 0.442345

0.0767948 0.101939 0.36318 0.44134
0.0770993 0.101607 0.362319 0.440618

0.0774611 0.101277 0.361565 0.439823
0.0773213 0.10095 0.360397 0.439387

0.0773587 0.100626 0.359409 0.438603
0.0773922 0.100315 0.358357 0.438465

0.0774819 0.0999978 0.357511 0.437661
0.0774693 0.0997209 0.356466 0.436852

0.0775869 0.0995455 0.355646 0.43566
0.077431 0.0993988 0.354551 0.434693

0.0774273 0.0995019 0.353684 0.433402
0.0772073 0.0998069 0.352597 0.432184

0.0770752 0.100007 0.35158 0.431274
0.0772486 0.0998162 0.350905 0.431562

0.0775773 0.099622 0.350649 0.431273
0.0773846 0.0994553 0.349627 0.431227

0.077217 0.0992149 0.34866 0.431753
0.0770514 0.0989867 0.347725 0.432537

0.0769105 0.0987696 0.346706 0.432393
0.0767128 0.0984848 0.345968 0.433249

0.0764998 0.0982433 0.345314 0.432988
0.0764204 0.0980358 0.345087 0.432968

0.0764375 0.0978716 0.345314 0.432382
0.0764074 0.0977235 0.34527 0.432067

0.0764115 0.0976133 0.345624 0.431154
0.0771961 0.0973946 0.347619 0.430816

0.0784026 0.0971905 0.35022 0.430333
0.0798114 0.0969575 0.352677 0.430272

0.0815827 0.0967103 0.355526 0.430129
0.0832003 0.0964485 0.357649 0.430419

0.0850388 0.0961832 0.360099 0.430378
0.0871594 0.095934 0.362596 0.430871

0.0901127 0.095674 0.366451 0.4302
0.0913846 0.095417 0.367338 0.429699

0.0927403 0.0951886 0.368403 0.428804
0.0936801 0.0949337 0.368805 0.428321

0.0944915 0.094696 0.369042 0.428135
0.094595 0.0944552 0.368353 0.428072

0.0949224 0.094208 0.368198 0.427323
0.0949131 0.0939851 0.367575 0.426901

0.0948768 0.0937802 0.366996 0.42661
0.0946401 0.0936 0.366045 0.426546

0.0943959 0.0933754 0.365247 0.425483
0.0943321 0.0931964 0.365324 0.424601

0.0942175 0.093078 0.365231 0.424074
0.0943118 0.092987 0.365782 0.423742

0.0946507 0.0928447 0.367118 0.422795
0.0947621 0.0930082 0.367775 0.422319

0.0948742 0.0929496 0.368525 0.421267
0.0948803 0.0928773 0.3689 0.420252

0.0949557 0.0929208 0.369396 0.419632
0.0948854 0.0931044 0.369447 0.419277

0.0950096 0.0932437 0.370059 0.418923
0.0949948 0.093216 0.370207 0.418403

0.0950653 0.0932885 0.370598 0.418087
0.0953294 0.0935915 0.371459 0.418147

0.0956479 0.0936502 0.372407 0.417226
0.0959689 0.0936343 0.373229 0.416314

0.0965565 0.0936754 0.374538 0.415463
0.0976652 0.0936576 0.376686 0.414617

0.0989221 0.0938056 0.378793 0.414106
0.0993818 0.0940064 0.37918 0.413709

0.0998422 0.0940082 0.379507 0.412762
0.100469 0.09398 0.380068 0.411833

0.101325 0.0938079 0.380894 0.411127
0.101155 0.0936048 0.38006 0.410368

0.100983 0.0933903 0.379265 0.409952
0.100893 0.0931828 0.378668 0.409425

0.100855 0.0929721 0.378231 0.408578
0.100724 0.0927641 0.377476 0.40766

0.100545 0.0925578 0.376627 0.406758
0.100393 0.0923529 0.375782 0.405877

0.100194 0.0921655 0.374996 0.405036
0.100153 0.0920264 0.374166 0.404302

0.100001 0.0918774 0.373394 0.403487
0.0998003 0.0917031 0.373256 0.402644

0.0996029 0.0915459 0.373129 0.401969
0.0995812 0.0914137 0.37374 0.401325

0.0995547 0.0912384 0.373996 0.400456
0.0995818 0.0910455 0.374282 0.399597

0.0996581 0.0908603 0.374457 0.398975
0.0995888 0.0906707 0.37416 0.398162

0.0994979 0.0904911 0.373774 0.397316
0.099302 0.0903729 0.373079 0.396489

0.0991654 0.0902051 0.372502 0.395715
0.0989887 0.090025 0.371828 0.395072

0.0987964 0.0898358 0.371135 0.394255
0.0985998 0.0896478 0.37043 0.393439

0.0985 0.089476 0.369969 0.392695
0.0982961 0.0892902 0.369213 0.391884

0.0981171 0.0891349 0.368468 0.391087
0.097916 0.08897 0.367716 0.390285

0.0978116 0.0888135 0.367375 0.38955
0.0977673 0.0886463 0.367111 0.388792

0.0976338 0.088492 0.366466 0.388001
0.0974378 0.0884942 0.365738 0.387336

0.097298 0.0886745 0.365077 0.387068
0.097248 0.0889473 0.364524 0.386843

0.0970917 0.0891273 0.363831 0.386216
0.0969224 0.089124 0.363115 0.385467

0.0967333 0.0891104 0.362422 0.384777
0.0965431 0.0890233 0.36178 0.384027

0.0963563 0.0889288 0.361068 0.383272
0.0961843 0.0887572 0.360419 0.382645

0.0960431 0.0885839 0.35994 0.381938
0.0960863 0.088442 0.359799 0.381417

0.0960734 0.0882911 0.35924 0.380926
0.0959717 0.0881212 0.358561 0.380255

0.0958637 0.088012 0.357903 0.379568
0.0957583 0.0879052 0.357233 0.378872

0.0957367 0.0877672 0.356673 0.378155
0.0957286 0.0876005 0.356085 0.37747

0.095693 0.0874365 0.355419 0.376812
0.095706 0.0873109 0.35476 0.376302

0.0957646 0.0871591 0.35429 0.375626
0.0959473 0.0871062 0.353849 0.375177

0.096278 0.08709 0.353578 0.374745
0.0963553 0.0870008 0.352995 0.374103

0.0963954 0.0868491 0.352348 0.37341
0.0962815 0.0866889 0.351744 0.372745

0.096167 0.0866954 0.351108 0.372266
0.0960001 0.0866937 0.350571 0.371728

0.0958329 0.0869383 0.350286 0.371548
0.0956685 0.0871294 0.35029 0.371188

0.0954983 0.0870537 0.349952 0.37053
0.095327 0.0868967 0.349499 0.369932

0.0951591 0.086741 0.34887 0.36928
0.094989 0.086623 0.3483 0.368682

0.0948438 0.0866475 0.347893 0.368375
0.0946809 0.0865732 0.347424 0.36786

0.0945135 0.0865801 0.34682 0.367674
0.0943489 0.0867093 0.346215 0.367707

0.0941851 0.0867164 0.345619 0.367379
0.0940371 0.0866631 0.34502 0.366927

0.0939279 0.086598 0.344417 0.366489
0.0937649 0.0867771 0.343947 0.366554

0.0936025 0.0870088 0.343659 0.3666
0.0934516 0.0870856 0.343484 0.366347

0.0933009 0.0874326 0.343336 0.366586
0.0931424 0.0873579 0.343028 0.366075

0.0929861 0.087308 0.342641 0.365715
0.0928303 0.0873449 0.342329 0.365558

0.0926788 0.0874899 0.3421 0.365642
0.0925258 0.0878603 0.341937 0.366118

0.0924015 0.0882508 0.342485 0.366286
0.0923501 0.0887582 0.343392 0.36663

0.0923655 0.0890636 0.344673 0.366549
0.0923113 0.0893777 0.345553 0.366481

0.0922983 0.0898001 0.34644 0.366642
0.0923409 0.0901758 0.347412 0.366753

0.0925711 0.0903925 0.349015 0.366589
0.0927966 0.0902804 0.350226 0.366022

0.0930481 0.0902034 0.351124 0.365631
0.0935787 0.0902429 0.352586 0.365586

0.0938667 0.090298 0.352923 0.365858
0.0940468 0.0903424 0.353067 0.366115

0.0942839 0.0904272 0.353182 0.366637
0.0943286 0.0906215 0.353026 0.367406

0.0943699 0.0908009 0.352871 0.368155
0.0942625 0.0910334 0.352471 0.368982

0.0942227 0.0912917 0.352435 0.369705
0.0943913 0.0915786 0.352859 0.370592

0.0946862 0.0918795 0.35351 0.371519
0.0951431 0.0919719 0.354291 0.372007

0.0958621 0.0920612 0.355844 0.372358
0.0965283 0.0919904 0.357002 0.372342

0.0970991 0.0919866 0.357185 0.373114
0.0977142 0.0918763 0.357335 0.373474

0.0986116 0.091758 0.358207 0.373664
0.0990012 0.0916161 0.358279 0.37366

0.09928 0.091483 0.358055 0.374052
0.0995357 0.0913646 0.357773 0.374044

0.100043 0.0912869 0.358232 0.373792
0.100502 0.0911873 0.358542 0.373767

0.100839 0.091056 0.358279 0.374455
0.101159 0.0909173 0.358004 0.375626

0.101653 0.0907979 0.358126 0.377025
0.101774 0.0907112 0.35774 0.377386

0.101875 0.0905787 0.357408 0.37823
0.101831 0.0904576 0.356936 0.379781

0.101878 0.0903565 0.356933 0.381101
0.101825 0.090293 0.356673 0.382748

0.101814 0.0902403 0.356679 0.384237
0.101735 0.090106 0.356405 0.384981

0.101815 0.0899765 0.356595 0.385887
0.101713 0.0898871 0.356251 0.386165

0.101617 0.0897598 0.355859 0.387523
0.101475 0.0896278 0.355352 0.388778

0.10134 0.0895067 0.35498 0.390117
0.101192 0.0893907 0.354482 0.390868

0.101052 0.0892673 0.354179 0.39165
0.100951 0.089145 0.353943 0.393183

0.10089 0.0890768 0.353659 0.395508
0.100773 0.0889895 0.353202 0.397628

0.100704 0.0889539 0.352784 0.400177
0.100577 0.0888519 0.352275 0.401078

0.100494 0.0887417 0.351904 0.401934
0.100355 0.0889413 0.3514 0.401908

0.100225 0.0892439 0.350917 0.401835
0.100219 0.0891429 0.350571 0.404481

0.100239 0.0891852 0.350204 0.408083
0.100205 0.0890932 0.349722 0.410495

0.100174 0.0890656 0.349278 0.413095
0.100171 0.0890237 0.348802 0.415536

0.100185 0.0890974 0.348378 0.418258
0.100243 0.089408 0.347922 0.421801

0.100511 0.0897707 0.347929 0.42471
0.100729 0.0901032 0.347647 0.427341

0.100984 0.0906208 0.347234 0.430409
0.101024 0.0910269 0.346772 0.432905

0.101179 0.0917351 0.346309 0.435766
0.101093 0.0916617 0.346014 0.436188

0.101072 0.0916576 0.345548 0.436717
0.100941 0.0915344 0.345208 0.43667

0.100808 0.0914177 0.344987 0.436817
0.100676 0.0913058 0.344889 0.43712

0.100544 0.0912065 0.344685 0.437511
0.100416 0.0913038 0.344584 0.43883

0.100305 0.09145 0.344207 0.440033
0.100174 0.0913282 0.344082 0.440043

0.100051 0.0912332 0.343677 0.440228
0.100004 0.0912387 0.343255 0.440941

0.100019 0.0913212 0.342797 0.441788
0.0999075 0.0912545 0.342596 0.442039

0.0998274 0.0912033 0.342243 0.442301
0.0997246 0.0911849 0.342099 0.442688

0.0996079 0.0912508 0.342066 0.443278
0.0994787 0.0911844 0.342589 0.443377

0.0993496 0.091245 0.343104 0.443865
0.0992322 0.091442 0.344031 0.444633

0.0991164 0.0917657 0.344624 0.445482
0.0990479 0.0918341 0.345818 0.445662

0.0989763 0.0920227 0.345848 0.445901
0.0989524 0.0919237 0.346291 0.445485

0.0988818 0.0918485 0.346005 0.445109
0.0987676 0.0917314 0.345771 0.444567

0.0986402 0.0916136 0.345337 0.44404
0.0985228 0.0915026 0.344943 0.443502

0.0984149 0.0913853 0.344528 0.443013
0.098289 0.0914044 0.34437 0.442957

0.0981635 0.0914575 0.344197 0.442886
0.0980517 0.0916279 0.344423 0.442945

0.0979319 0.0918532 0.344495 0.442976
0.0978098 0.0919197 0.344774 0.44269

0.0976936 0.0921086 0.344456 0.442506
0.0975741 0.0922627 0.344344 0.442212

0.0974517 0.0925495 0.344161 0.442
0.0973372 0.0926586 0.344347 0.441557

0.0972158 0.0927993 0.34404 0.441113
0.0970966 0.0927022 0.343828 0.440582

0.0969837 0.0926084 0.343441 0.440046
0.0968642 0.0925193 0.34323 0.439719

0.0967442 0.0924369 0.343035 0.439371
0.0966529 0.0924711 0.343301 0.439252

0.0965519 0.0926416 0.343545 0.439296
0.0964673 0.0927537 0.344147 0.439163

0.0963895 0.0927829 0.344508 0.43884
0.0963604 0.0927171 0.345345 0.438374

0.0963065 0.0926415 0.345493 0.437886
0.0963147 0.092529 0.346085 0.437353

0.0963409 0.0924183 0.346629 0.436822
0.0964238 0.0923098 0.347533 0.436327

0.0964593 0.0921989 0.347484 0.435815
0.0964934 0.0922009 0.347589 0.435572

0.0965507 0.0922351 0.347522 0.435351
0.0966566 0.0921984 0.347731 0.435014

0.0967182 0.0921412 0.347609 0.434624
0.0970394 0.0920323 0.34808 0.434134

0.0973147 0.0919229 0.348154 0.433634
0.0974874 0.0918213 0.348237 0.433221

0.0975635 0.0917176 0.348189 0.432821
0.0977584 0.0916103 0.348489 0.432427

0.0978604 0.0915026 0.348396 0.432027
0.0979216 0.0914142 0.34836 0.431793

0.0978979 0.0913189 0.347971 0.431473
0.0978366 0.0912136 0.34761 0.43113

0.0977531 0.0911085 0.347206 0.430708
0.0976744 0.0910231 0.346817 0.430261

0.097617 0.0909225 0.346623 0.429948
0.0976099 0.0908479 0.346655 0.429584

0.0976398 0.0907653 0.346653 0.429264
0.0975804 0.0906803 0.346517 0.429435

0.0974885 0.0905839 0.346207 0.429451
0.0973853 0.0904943 0.345927 0.42956

0.097275 0.0903997 0.345532 0.429516
0.0971672 0.0902965 0.345176 0.429348

0.0970712 0.0901941 0.344943 0.429062
0.0969606 0.0900929 0.344565 0.428811

0.0968504 0.0900071 0.344175 0.428883
0.0967449 0.0899112 0.34383 0.428903

0.0966431 0.0898206 0.343466 0.428925
0.0965558 0.0898493 0.343212 0.428488

0.0964811 0.0897988 0.343122 0.428249
0.0965195 0.0897251 0.343359 0.428136

0.0964617 0.0896405 0.343011 0.427947
0.0963751 0.0895436 0.342654 0.427917

0.0963072 0.0894449 0.342382 0.428121
0.0963385 0.0893508 0.342345 0.428141

0.0964275 0.0892518 0.342398 0.428277
0.0966106 0.089187 0.342651 0.428176

0.0966954 0.0890972 0.342424 0.428113
0.0966572 0.0890095 0.342096 0.428096

0.0966337 0.0889223 0.341737 0.428011
0.0965886 0.088831 0.34138 0.428007

0.0964907 0.088777 0.341135 0.427687
0.0963966 0.0886808 0.341026 0.42764

0.096321 0.0885921 0.340801 0.427917
0.0962764 0.0885232 0.340573 0.42834

0.0962774 0.0884911 0.340483 0.428772
0.0963131 0.088551 0.340359 0.429478

0.0964264 0.0886706 0.340384 0.430126
0.0964737 0.0888543 0.340201 0.430827

0.0966043 0.089142 0.340222 0.431454
0.0965984 0.0891884 0.33993 0.431525

0.0966119 0.0892902 0.339651 0.431663
0.0965211 0.0892118 0.339296 0.431369

0.0965431 0.089129 0.339198 0.430958
0.0965548 0.0890439 0.339007 0.430565

0.096547 0.0889559 0.338661 0.430265
0.0964764 0.0889152 0.338316 0.429815

0.0964323 0.0888863 0.33796 0.429362
0.0965384 0.0888329 0.337725 0.429297

0.0966695 0.0888401 0.337432 0.42949
0.0967138 0.0887735 0.337079 0.429402

0.0968205 0.0887123 0.336795 0.429205
0.096897 0.0887786 0.336486 0.429291

0.0970406 0.0889526 0.336233 0.429484
0.0970432 0.0889272 0.335882 0.429265

0.0970592 0.0889378 0.335532 0.429111
0.0970327 0.0890625 0.335187 0.429123

0.0970808 0.0892213 0.334867 0.429055
0.0970295 0.0893372 0.334526 0.42889

0.0970288 0.0892913 0.334385 0.428471
0.0971098 0.0892025 0.334295 0.428092

0.0972032 0.0891116 0.334153 0.427695
0.097192 0.0890237 0.333853 0.427323

0.0971601 0.0889426 0.333516 0.426928
0.0971212 0.088916 0.333179 0.426631

0.0970417 0.0888451 0.332858 0.426216
0.0969606 0.0888061 0.332534 0.425841

0.0968694 0.0887323 0.33222 0.425417
0.0967814 0.0886999 0.331893 0.425034

0.0966841 0.0886143 0.331584 0.424605
0.096746 0.0885908 0.331807 0.42432

0.096827 0.088555 0.331953 0.423966
0.0967329 0.0884659 0.331629 0.423541

0.096637 0.0883771 0.331306 0.423123
0.0965407 0.0882898 0.330974 0.422703
