-0.24282 
0.125098 
-0.0275898 
0.021779 
-0.0141434 
-0.0668287 
0.0225729 
0.0190913 
-0.00930695 
-0.000297345 
-0.0503648 
0.0156751 
-0.019916 
-0.00694782 
0.00491443 
0.0670626 
0.00632749 
0.039663 
0.038248 
0.0209499 
-0.0139505 
-0.00622723 
0.0314557 
-0.00677207 
0.0413426 
0.0700983 
0.0117744 
-0.00168535 
0.0611588 
0.0442336 
-0.0215041 
0.00754993 
0.00184056 
0.0205317 
-0.0276448 
-0.039751 
0.0155631 
0.0330049 
0.020851 
0.012455 
0.0142352 
-0.00578031 
0.00595599 
-0.00998053 
0.0276548 
0.0236019 
0.0867913 
0.0267996 
0.0717637 
0.0553165 
0.0108231 
0.00798219 
-0.0361989 
0.0155829 
-0.014209 
0.0117332 
-0.0327775 
-0.00338948 
-0.0245896 
0.00512838 
-0.00965029 
0.0269021 
-0.0147787 
-0.00889218 
-0.0274532 
-0.0400587 
-0.0325202 
0.018805 
0.0344408 
-0.0453364 
-0.0331743 
0.0548395 
-0.00826901 
0.0263875 
0.00399137 
-0.026586 
-0.00982141 
0.0453922 
-0.0167377 
-0.0116177 
0.00623572 
0.0544882 
0.00386047 
0.0089395 
-0.0185984 
-0.0662577 
-0.0118279 
-0.0264966 
-0.00560927 
-0.0160295 
-0.024037 
0.0109262 
-0.0428369 
-0.0506282 
0.0258963 
-0.0324548 
0.0257316 
-0.0516768 
0.0179209 
-0.0406327 
-0.0167788 
0.0190624 
-0.00705731 
-0.0237402 
0.0085355 
-0.0291923 
-0.0258319 
0.00745261 
-0.00700128 
-0.00333273 
0.0231006 
0.0245005 
0.0376461 
-0.0221863 
-0.0139432 
-0.00157189 
-0.0248084 
0.0318053 
-0.0280404 
0.0423846 
-0.0453693 
0.0519255 
-0.0295535 
-0.047369 
0.0489633 
0.0111854 
-0.00867271 
0.0017066 
-0.0146465 
-0.0449841 
0.0191436 
-0.000497103 
-0.0315571 
-0.000515699 
-0.0350935 
0.062887 
6.32538 > 0.0421919 
-0.0721259 
-0.0133595 
0.0378246 
-0.00766015 
-0.0458479 
-0.025038 
-0.00672412 
0.021755 
-0.0091958 
0.00166869 
-0.00979233 
-0.0509708 
-0.0109489 
-0.037879 
-0.00879478 
-0.0638587 
-0.0219789 
-0.0463767 
-0.0148401 
-0.0310907 
-0.0243502 
-0.0306804 
-0.0263662 
-0.0386553 
-0.0355227 
-0.0279825 
0.000888586 
-3.67165e-05 
-0.0180912 
-0.0507066 
0.000793457 
0.0572543 
-0.0253844 
-0.0238273 
0.00381184 
-0.0179417 
-0.0302029 
-0.071527 
0.0180643 
-0.0360954 
-0.0214715 
-0.0609043 
-0.0375636 
0.0113661 
0.00982952 
-0.0241539 
-0.0320344 
-0.0461941 
0.018177 
-0.0110033 
-0.0323091 
-0.00481248 
0.0607197 
-0.0120513 
0.0018146 
0.0033114 
-0.00737429 
0.0264843 
-0.0248482 
-0.0226393 
0.0290442 
0.0251398 
-0.0190294 
-0.00111461 
0.0110865 
-0.0541496 
0.0863156 
0.0111964 
0.00889659 
0.000470161 
-0.00578356 
0.0310926 
0.0208223 
0.0108502 
0.00285745 
0.011436 
0.0486655 
-0.0113852 
0.00407457 
0.0473242 
0.0191119 
-0.0139155 
-0.0500348 
0.022413 
-0.0478044 
-0.0457947 
0.00286722 
0.0164976 
-0.0556033 
0.0314448 
0.0378532 
-0.0180693 
-0.00814319 
0.00438929 
-0.00940871 
0.00429797 
-0.0501788 
0.0458536 
-0.00846219 
-0.0088017 
-0.00713778 
-0.028132 
-0.00672746 
-0.0257349 
0.0355597 
0.0112467 
-0.0204794 
0.0648553 
0.0403562 
0.0635169 
-0.0256996 
-0.00476718 
